473.0
478.0
461.0
471.0
481.0
474.0
473.0
479.0
464.0
464.0
481.0
460.0
472.0
476.0
474.0
470.0
449.0
478.0
462.0
480.0
458.0
461.0
472.0
473.0
463.0
457.0
461.0
480.0
454.0
480.0
454.0
479.0
447.0
462.0
476.0
461.0
473.0
457.0
464.0
481.0
466.0
465.0
428.0
467.0
449.0
459.0
466.0
420.0
482.0
492.0
450.0
477.0
463.0
441.0
447.0
478.0
489.0
438.0
442.0
482.0
452.0
497.0
433.0
479.0
470.0
465.0
459.0
462.0
473.0
463.0
461.0
461.0
438.0
471.0
458.0
463.0
462.0
450.0
481.0
458.0
490.0
468.0
448.0
434.0
468.0
476.0
460.0
450.0
416.0
451.0
460.0
450.0
452.0
474.0
442.0
485.0
478.0
456.0
462.0
446.0
456.0
452.0
414.0
452.0
450.0
452.0
473.0
478.0
461.0
480.0
481.0
474.0
473.0
479.0
477.0
480.0
481.0
478.0
472.0
476.0
474.0
478.0
470.0
478.0
474.0
480.0
479.0
477.0
472.0
473.0
478.0
473.0
461.0
482.0
474.0
480.0
470.0
479.0
466.0
479.0
459.0
478.0
473.0
457.0
478.0
481.0
467.0
481.0
492.0
470.0
487.0
475.0
467.0
477.0
454.0
480.0
472.0
453.0
477.0
476.0
480.0
458.0
471.0
473.0
466.0
482.0
469.0
459.0
462.0
447.0
477.0
453.0
446.0
473.0
464.0
452.0
446.0
457.0
468.0
455.0
470.0
453.0
456.0
457.0
484.0
471.0
472.0
477.0
450.0
491.0
462.0
486.0
460.0
470.0
459.0
485.0
446.0
458.0
467.0
467.0
476.0
467.0
478.0
454.0
464.0
475.0
463.0
489.0
473.0
478.0
477.0
471.0
481.0
474.0
473.0
479.0
477.0
480.0
481.0
478.0
472.0
476.0
474.0
479.0
470.0
478.0
474.0
480.0
458.0
461.0
472.0
473.0
463.0
473.0
461.0
482.0
454.0
480.0
471.0
479.0
466.0
478.0
459.0
479.0
473.0
457.0
478.0
481.0
441.0
475.0
445.0
484.0
460.0
478.0
476.0
487.0
4